#Wavelength,Qabs,Qsca,Qext 
300,4.1153457817564754E-14,2.845569124558031E-14,6.960914906314506E-14
303.3783783783784,4.033360518649746E-14,2.510527032725379E-14,6.543887551375125E-14
306.7567567567568,3.8720434241431936E-14,2.1002535045987726E-14,5.972296928741966E-14
310.13513513513516,3.621697027868767E-14,1.6629901116645366E-14,5.2846871395333034E-14
313.51351351351354,3.316261542900743E-14,1.3082772069980367E-14,4.6245387498987796E-14
316.8918918918919,2.937905199229644E-14,1.0503829678304815E-14,3.988288167060126E-14
320.27027027027026,2.481662670901924E-14,9.143317369865894E-15,3.395994407888513E-14
323.64864864864865,2.514123382698036E-14,1.5918239625754675E-14,4.105947345273504E-14
327.02702702702703,2.3096199703729103E-14,2.468645235151845E-14,4.7782652055247553E-14
330.4054054054054,1.7262959533910477E-14,3.6379053614973134E-14,5.364201314888361E-14
333.7837837837838,1.4740170623132103E-14,4.452700737662564E-14,5.926717799975774E-14
337.1621621621622,1.5889391198627333E-14,4.9858916627581746E-14,6.574830782620908E-14
340.5405405405406,1.7565074355595904E-14,5.582661687990782E-14,7.339169123550373E-14
343.9189189189189,2.0022272953609334E-14,6.22553954405962E-14,8.227766839420554E-14
347.2972972972973,2.35803605844431E-14,6.921085038191921E-14,9.279121096636231E-14
350.6756756756757,2.951301621486067E-14,7.764274767613696E-14,1.0715576389099762E-13
354.05405405405406,3.458637970350099E-14,8.726747624446055E-14,1.2185385594796153E-13
357.43243243243245,2.9295083084341134E-14,9.32575174797868E-14,1.2255260056412794E-13
360.81081081081084,2.272086708508424E-14,9.989343857427157E-14,1.2261430565935581E-13
364.1891891891892,1.9218997683571006E-14,1.0853064115001615E-13,1.2774963883358716E-13
367.5675675675676,1.762681439717132E-14,1.189359707392263E-13,1.3656278513639763E-13
370.94594594594594,1.714924210194683E-14,1.288203581037237E-13,1.4596960020567053E-13
374.3243243243243,1.6756735629210352E-14,1.3830649696781873E-13,1.550632325970291E-13
377.7027027027027,1.601832899101248E-14,1.4602499200352042E-13,1.620433209945329E-13
381.0810810810811,1.469865068043021E-14,1.5025707283728758E-13,1.6495572351771778E-13
384.4594594594595,1.3945802427771171E-14,1.486237704491093E-13,1.6256957287688047E-13
387.83783783783787,1.2940056700298744E-14,1.4367429503839205E-13,1.566143517386908E-13
391.21621621621625,1.1677953780478859E-14,1.3675044931166315E-13,1.48428403092142E-13
394.59459459459464,1.0333864531375191E-14,1.2907353904891286E-13,1.3940740358028805E-13
397.97297297297297,9.043576667397256E-15,1.2160970922222022E-13,1.3065328588961746E-13
401.35135135135135,7.88652946618629E-15,1.1493771171945932E-13,1.2282424118564562E-13
404.72972972972974,6.886506186517012E-15,1.0926681547026673E-13,1.1615332165678375E-13
408.1081081081081,6.0427379410771766E-15,1.0461792787419817E-13,1.1066066581527536E-13
411.4864864864865,5.339871125154491E-15,1.0090443538615217E-13,1.0624430651130666E-13
414.8648648648649,4.7060113687416894E-15,9.82010468959411E-14,1.0290705826468279E-13
418.2432432432433,4.118530553867881E-15,9.631506604090546E-14,1.0043359659477335E-13
421.62162162162167,3.621340296128481E-15,9.489463265509485E-14,9.851597295122332E-14
425,3.1987861195776466E-15,9.386998970336782E-14,9.706877582294547E-14
428.3783783783784,2.837609063693852E-15,9.31793117017443E-14,9.601692076543815E-14
431.7567567567568,2.5792744363651496E-15,9.276320458892589E-14,9.534247902529105E-14
435.13513513513516,2.4383010230183743E-15,9.25619068517145E-14,9.500020787473288E-14
438.51351351351354,2.3160809200817767E-15,9.2546458367464E-14,9.486253928754577E-14
441.89189189189193,2.2098287009447368E-15,9.268856425889389E-14,9.489839295983862E-14
445.2702702702703,2.117202454504331E-15,9.296419481220757E-14,9.50813972667119E-14
448.6486486486487,2.0362317198415696E-15,9.335279964930385E-14,9.538903136914542E-14
452.02702702702703,1.9898248546494215E-15,9.379888400145038E-14,9.57887088560998E-14
455.4054054054054,1.9979510323574933E-15,9.425151264681527E-14,9.624946367917277E-14
458.7837837837838,2.0093908167431652E-15,9.477263722954552E-14,9.678202804628869E-14
462.1621621621622,2.0238059139259347E-15,9.534914477815228E-14,9.737295069207822E-14
465.5405405405406,2.0408832488749703E-15,9.596944487923052E-14,9.801032812810549E-14
468.91891891891896,2.060333343482357E-15,9.662314174365254E-14,9.86834750871349E-14
472.29729729729735,2.0662055593974528E-15,9.73336376927643E-14,9.939984325216176E-14
475.67567567567573,2.031922828737861E-15,9.815081523219165E-14,1.0018273806092952E-13
479.05405405405406,2.001154763959803E-15,9.897697160609338E-14,1.0097812637005319E-13
482.43243243243245,1.9734321265945973E-15,9.980514556246146E-14,1.0177857768905606E-13
485.8108108108109,1.948339148344344E-15,1.0062867203235531E-13,1.0257701118069965E-13
489.18918918918916,1.9255058578244233E-15,1.0144113636945443E-13,1.0336664222727885E-13
492.56756756756766,1.904601705307354E-15,1.0223634220086225E-13,1.0414094390616961E-13
495.945945945946,1.885323443303311E-15,1.0300823085482246E-13,1.0489355429812577E-13
499.3243243243244,1.866926122523389E-15,1.0374652113799655E-13,1.0561344726051993E-13
502.70270270270277,1.849672615103588E-15,1.044497881750674E-13,1.0629946079017098E-13
506.0810810810811,1.8333429290624414E-15,1.0511258703386879E-13,1.0694592996293124E-13
509.4594594594595,1.817738281663996E-15,1.0572968367170118E-13,1.0754742195336518E-13
512.8378378378378,1.802678999467709E-15,1.0629607277698904E-13,1.0809875177645675E-13
516.2162162162163,1.7880027978932686E-15,1.0680699987029825E-13,1.0859500266819152E-13
519.5945945945946,1.7735633721876949E-15,1.0725798660687698E-13,1.0903154997906467E-13
522.972972972973,1.784448802305014E-15,1.0760367742944877E-13,1.0938812623175379E-13
526.3513513513514,1.8106168704056504E-15,1.0785611926534695E-13,1.0966673613575261E-13
529.7297297297298,1.8359374166835417E-15,1.0803810260985654E-13,1.0987404002654008E-13
533.1081081081081,1.860306431780564E-15,1.0814675431391161E-13,1.1000706074569218E-13
536.4864864864865,1.8836246400815205E-15,1.0817961985232059E-13,1.100632444924021E-13
539.864864864865,1.905798284089307E-15,1.0813468313702333E-13,1.1004048142111264E-13
543.2432432432432,1.926739876218714E-15,1.0801038280449305E-13,1.0993712268071177E-13
546.6216216216217,1.9463689027555857E-15,1.0780562433384206E-13,1.0975199323659765E-13
550,1.9379039043486477E-15,1.0759357647320425E-13,1.0953148037755289E-13
553.3783783783784,1.8910642641271672E-15,1.0740379153062058E-13,1.0929485579474775E-13
556.7567567567568,1.8439293613908632E-15,1.0713140933656391E-13,1.0897533869795477E-13
560.1351351351352,1.7965208461262406E-15,1.0677648959295103E-13,1.0857301043907727E-13
563.5135135135137,1.7488701593229445E-15,1.0633955062375972E-13,1.0808842078308267E-13
566.8918918918919,1.701017416521966E-15,1.0582156078610738E-13,1.0752257820262934E-13
570.2702702702703,1.6530102771187468E-15,1.0522392453420257E-13,1.0687693481132132E-13
573.6486486486486,1.6049028126466628E-15,1.0454846349248502E-13,1.0615336630513168E-13
577.0270270270271,1.5567543804742337E-15,1.0379739281406833E-13,1.0535414719454256E-13
580.4054054054054,1.5086285166962615E-15,1.029732933438162E-13,1.0448192186051246E-13
583.7837837837839,1.48869833952119E-15,1.0203727678299602E-13,1.035259751225172E-13
587.1621621621622,1.4961199506472191E-15,1.0099555887083354E-13,1.0249167882148076E-13
590.5405405405405,1.502261516473499E-15,9.989490469163351E-14,1.0139716620810702E-13
593.9189189189191,1.5071394440178788E-15,9.873912933168981E-14,1.002462687757077E-13
597.2972972972973,1.5107756175716837E-15,9.753219560163313E-14,9.904297121920481E-14
600.6756756756757,1.5131969825075709E-15,9.627817491973421E-14,9.779137190224178E-14
604.0540540540541,1.5144350901615653E-15,9.498120926286233E-14,9.64956443530239E-14
607.4324324324325,1.5145256204457744E-15,9.364547495920902E-14,9.51600005796548E-14
610.8108108108108,1.5135078868371651E-15,9.227514872926238E-14,9.378865661609955E-14
614.1891891891893,1.5114243423207067E-15,9.087437638590175E-14,9.238580072822245E-14
617.5675675675677,1.4989775167905115E-15,8.94657561863777E-14,9.09647337031682E-14
620.9459459459459,1.454636168765179E-15,8.809471722749602E-14,8.95493533962612E-14
624.3243243243244,1.4107739743698876E-15,8.670027489942323E-14,8.811104887379312E-14
627.7027027027027,1.3674467352342972E-15,8.528621197149328E-14,8.665365870672757E-14
631.0810810810812,1.3247060699489894E-15,8.385619281857217E-14,8.518089888852116E-14
634.4594594594595,1.2825992629498749E-15,8.241374573551734E-14,8.369634499846721E-14
637.8378378378379,1.2411691776667403E-15,8.096224822855705E-14,8.220341740622379E-14
641.2162162162163,1.2004542279542283E-15,7.950491520834391E-14,8.070536943629814E-14
644.5945945945946,1.1604884028448885E-15,7.804478996904966E-14,7.920527837189455E-14
647.9729729729731,1.1213013375564113E-15,7.658473773528987E-14,7.770603907284627E-14
651.3513513513514,1.0829184234518644E-15,7.512744155004449E-14,7.621035997349635E-14
654.7297297297298,1.0453609528573618E-15,7.367540030677484E-14,7.47207612596322E-14
658.1081081081081,1.0086462900514868E-15,7.223092865228022E-14,7.323957494233171E-14
661.4864864864866,9.730820875393405E-16,7.079187177362967E-14,7.1764953861169E-14
664.8648648648649,9.385848133421564E-16,6.936181937177505E-14,7.030040418511721E-14
668.2432432432433,9.049532767936767E-16,6.794563736102821E-14,6.885059063782188E-14
671.6216216216218,8.721906527550864E-16,6.654492330536759E-14,6.741711395812268E-14
675,8.402973191512185E-16,6.516110925480595E-14,6.600140657395717E-14
678.3783783783784,8.092710890461349E-16,6.379546888881065E-14,6.460473997785679E-14
681.7567567567568,7.791074365816141E-16,6.244912512398651E-14,6.322823256056812E-14
685.1351351351352,7.497997202506935E-16,6.11230581062614E-14,6.187285782651209E-14
688.5135135135135,7.213393988058324E-16,5.98181134314937E-14,6.053945283029953E-14
691.891891891892,6.937162371164461E-16,5.85350104354251E-14,5.922872667254155E-14
695.2702702702703,6.66918504325823E-16,5.727435052803799E-14,5.79412690323638E-14
698.6486486486486,6.409331609794097E-16,5.603662543207821E-14,5.667755859305762E-14
702.0270270270272,6.157460345786087E-16,5.482222527216849E-14,5.54379713067471E-14
705.4054054054054,5.917316254039476E-16,5.363174889811976E-14,5.42234805235237E-14
708.7837837837839,5.695076601674438E-16,5.246589818012974E-14,5.303540584029718E-14
712.1621621621622,5.479713154859577E-16,5.132395993454751E-14,5.187193125003347E-14
715.5405405405406,5.271076178258703E-16,5.020599406609055E-14,5.073310168391642E-14
718.918918918919,5.069011459809329E-16,4.911199564523283E-14,4.961889679121376E-14
722.2972972972974,4.873361330281163E-16,4.804190113712109E-14,4.8529237270149205E-14
725.6756756756758,4.683965586359466E-16,4.6995594289477696E-14,4.7463990848113644E-14
729.0540540540541,4.500662332641379E-16,4.597291164151973E-14,4.642297787478387E-14
732.4324324324325,4.32328873062106E-16,4.497364766443239E-14,4.5405976537494497E-14
735.8108108108108,4.1516816815388975E-16,4.399755956221319E-14,4.441272773036708E-14
739.1891891891893,3.9856784204162663E-16,4.3044371712298825E-14,4.344293955434045E-14
742.5675675675676,3.825117048918498E-16,4.211377978774195E-14,4.2496291492633804E-14
745.945945945946,3.6698370096773647E-16,4.120545458098942E-14,4.1572438281957154E-14
749.3243243243244,3.519679494243825E-16,4.0319045511814584E-14,4.067101346123897E-14
752.7027027027027,3.374487799182124E-16,3.945418386518422E-14,3.979163264510244E-14
756.0810810810813,3.237196723163378E-16,3.861064426482089E-14,3.893436393713723E-14
759.4594594594595,3.227503973492245E-16,3.7794161659593435E-14,3.811691205694266E-14
762.8378378378379,3.2172120139662914E-16,3.699774032617925E-14,3.731946152757588E-14
766.2162162162163,3.2063672275739917E-16,3.622097370401561E-14,3.654161042677301E-14
769.5945945945947,3.195013439366916E-16,3.546344999718559E-14,3.578295134112228E-14
772.972972972973,3.183192026030035E-16,3.472475390080626E-14,3.504307310340927E-14
776.3513513513515,3.1709420263038453E-16,3.400446814302384E-14,3.4321562345654226E-14
779.7297297297299,3.158300244314503E-16,3.330217486657256E-14,3.361800489100401E-14
783.1081081081081,3.1453013547860667E-16,3.261745686398909E-14,3.2931986999467696E-14
786.4864864864866,3.131978006553972E-16,3.194989867297649E-14,3.226309647363189E-14
789.8648648648649,3.1183609172254944E-16,3.1299087543492477E-14,3.1610923635215024E-14
793.2432432432433,3.1044789730678413E-16,3.066461428710209E-14,3.0975062184408874E-14
796.6216216216216,3.0903593155880935E-16,3.004607402372085E-14,3.035510995527966E-14
800.0000000000001,3.0760274375803544E-16,2.9443066831386796E-14,2.975066957514483E-14
